3.8790E-02	2.5120E+25	6.5300E+23
3.9030E-02	2.4980E+25	6.5490E+23
4.1130E-02	2.3800E+25	6.7210E+23
4.7330E-02	2.1320E+25	7.1900E+23
5.8150E-02	1.8500E+25	7.9020E+23
7.3120E-02	1.5980E+25	8.7600E+23
9.1780E-02	1.3890E+25	9.6890E+23
1.1380E-01	1.2200E+25	1.0650E+24
1.3900E-01	1.0840E+25	1.1620E+24
1.6730E-01	9.7160E+24	1.2590E+24
1.9850E-01	8.7890E+24	1.3550E+24
2.3260E-01	8.0130E+24	1.4520E+24
2.6970E-01	7.3560E+24	1.5470E+24
3.0970E-01	6.7950E+24	1.6420E+24
3.5250E-01	6.3100E+24	1.7370E+24
3.9820E-01	5.8880E+24	1.8320E+24
4.4690E-01	5.5180E+24	1.9260E+24
4.9850E-01	5.1910E+24	2.0200E+24
5.5310E-01	4.9000E+24	2.1150E+24
6.1070E-01	4.6400E+24	2.2100E+24
6.7140E-01	4.4070E+24	2.3050E+24
7.3520E-01	4.1960E+24	2.4010E+24
8.0230E-01	4.0050E+24	2.4980E+24
8.7270E-01	3.8320E+24	2.5960E+24
9.4640E-01	3.6740E+24	2.6940E+24
1.0240E+00	3.5290E+24	2.7940E+24
1.1050E+00	3.3960E+24	2.8960E+24
1.1890E+00	3.2740E+24	3.0000E+24
1.2780E+00	3.1610E+24	3.1050E+24
1.3700E+00	3.0580E+24	3.2140E+24
1.4680E+00	2.9620E+24	3.3240E+24
1.5690E+00	2.8730E+24	3.4390E+24
1.6760E+00	2.7920E+24	3.5570E+24
1.7890E+00	2.7170E+24	3.6800E+24
1.9070E+00	2.6470E+24	3.8080E+24
2.0320E+00	2.5820E+24	3.9420E+24
2.1640E+00	2.5230E+24	4.0820E+24
2.3030E+00	2.4680E+24	4.2310E+24
2.4510E+00	2.4180E+24	4.3880E+24
2.6080E+00	2.3720E+24	4.5570E+24
2.7750E+00	2.3310E+24	4.7370E+24
2.9530E+00	2.2930E+24	4.9320E+24
3.1420E+00	2.2600E+24	5.1410E+24
3.3410E+00	2.2310E+24	5.3640E+24
3.5500E+00	2.2060E+24	5.6020E+24
3.7640E+00	2.1850E+24	5.8510E+24
3.9820E+00	2.1690E+24	6.1080E+24
4.2000E+00	2.1560E+24	6.3690E+24
4.4130E+00	2.1460E+24	6.6280E+24
4.6190E+00	2.1400E+24	6.8830E+24
4.8160E+00	2.1360E+24	7.1280E+24
5.0000E+00	2.1340E+24	7.3620E+24
5.1720E+00	2.1340E+24	7.5830E+24
5.3310E+00	2.1350E+24	7.7890E+24
5.4770E+00	2.1370E+24	7.9830E+24
5.6120E+00	2.1400E+24	8.1610E+24
5.7350E+00	2.1430E+24	8.3270E+24
5.8480E+00	2.1460E+24	8.4810E+24
5.9530E+00	2.1500E+24	8.6240E+24
6.0490E+00	2.1530E+24	8.7570E+24
6.1380E+00	2.1570E+24	8.8810E+24
6.2200E+00	2.1600E+24	8.9970E+24
6.2980E+00	2.1630E+24	9.1060E+24
6.3700E+00	2.1660E+24	9.2090E+24
6.4380E+00	2.1690E+24	9.3080E+24
6.5020E+00	2.1720E+24	9.4010E+24
6.5630E+00	2.1750E+24	9.4900E+24
6.6220E+00	2.1780E+24	9.5750E+24
6.6770E+00	2.1800E+24	9.6570E+24
6.7310E+00	2.1830E+24	9.7370E+24
6.7830E+00	2.1850E+24	9.8140E+24
6.8330E+00	2.1870E+24	9.8890E+24
6.8810E+00	2.1900E+24	9.9620E+24
6.9290E+00	2.1920E+24	1.0030E+25
6.9740E+00	2.1940E+24	1.0100E+25
7.0190E+00	2.1960E+24	1.0170E+25
7.0640E+00	2.1980E+24	1.0240E+25
7.1070E+00	2.2000E+24	1.0310E+25
7.1500E+00	2.2020E+24	1.0370E+25
7.1920E+00	2.2040E+24	1.0440E+25
7.2340E+00	2.2060E+24	1.0500E+25
7.2750E+00	2.2070E+24	1.0570E+25
7.3150E+00	2.2090E+24	1.0630E+25
7.3560E+00	2.2110E+24	1.0690E+25
7.3960E+00	2.2130E+24	1.0760E+25
7.4350E+00	2.2150E+24	1.0820E+25
7.4750E+00	2.2170E+24	1.0880E+25
7.5140E+00	2.2180E+24	1.0950E+25
7.5530E+00	2.2200E+24	1.1010E+25
7.5920E+00	2.2220E+24	1.1070E+25
7.6310E+00	2.2240E+24	1.1140E+25
7.6700E+00	2.2260E+24	1.1200E+25
7.7090E+00	2.2270E+24	1.1260E+25
7.7470E+00	2.2290E+24	1.1320E+25
7.7860E+00	2.2310E+24	1.1390E+25
7.8250E+00	2.2330E+24	1.1450E+25
7.8650E+00	2.2340E+24	1.1520E+25
7.9030E+00	2.2360E+24	1.1580E+25
7.9420E+00	2.2380E+24	1.1640E+25
7.9810E+00	2.2400E+24	1.1710E+25
8.0200E+00	2.2420E+24	1.1770E+25
8.0580E+00	2.2440E+24	1.1840E+25
8.0970E+00	2.2460E+24	1.1900E+25
8.1370E+00	2.2480E+24	1.1970E+25
8.1760E+00	2.2500E+24	1.2040E+25
8.2150E+00	2.2520E+24	1.2100E+25
8.2540E+00	2.2540E+24	1.2170E+25
8.2920E+00	2.2570E+24	1.2240E+25
8.3320E+00	2.2590E+24	1.2310E+25
8.3720E+00	2.2610E+24	1.2380E+25
8.4120E+00	2.2630E+24	1.2450E+25
8.4520E+00	2.2650E+24	1.2520E+25
8.4930E+00	2.2670E+24	1.2590E+25
8.5330E+00	2.2690E+24	1.2660E+25
8.5740E+00	2.2720E+24	1.2730E+25
8.6150E+00	2.2740E+24	1.2800E+25
8.6570E+00	2.2760E+24	1.2880E+25
8.6980E+00	2.2780E+24	1.2950E+25
8.7390E+00	2.2810E+24	1.3020E+25
8.7810E+00	2.2830E+24	1.3100E+25
8.8240E+00	2.2850E+24	1.3180E+25
8.8660E+00	2.2880E+24	1.3250E+25
8.9090E+00	2.2900E+24	1.3330E+25
8.9520E+00	2.2930E+24	1.3410E+25
8.9950E+00	2.2950E+24	1.3480E+25
9.0390E+00	2.2980E+24	1.3560E+25
9.0820E+00	2.3000E+24	1.3640E+25
9.1270E+00	2.3030E+24	1.3720E+25
9.1710E+00	2.3050E+24	1.3800E+25
9.2160E+00	2.3080E+24	1.3890E+25
9.2610E+00	2.3100E+24	1.3970E+25
9.3070E+00	2.3120E+24	1.4050E+25
9.3520E+00	2.3150E+24	1.4140E+25
9.3980E+00	2.3180E+24	1.4220E+25
9.4450E+00	2.3200E+24	1.4310E+25
9.4910E+00	2.3230E+24	1.4400E+25
9.5380E+00	2.3260E+24	1.4480E+25
9.5860E+00	2.3280E+24	1.4570E+25
9.6330E+00	2.3310E+24	1.4660E+25
9.6810E+00	2.3340E+24	1.4750E+25
9.7300E+00	2.3370E+24	1.4850E+25
9.7770E+00	2.3410E+24	1.4950E+25
9.8260E+00	2.3440E+24	1.5040E+25
9.8750E+00	2.3470E+24	1.5140E+25
9.9250E+00	2.3500E+24	1.5230E+25
9.9760E+00	2.3530E+24	1.5330E+25
1.0030E+01	2.3560E+24	1.5430E+25
1.0080E+01	2.3590E+24	1.5530E+25
1.0130E+01	2.3620E+24	1.5630E+25
1.0180E+01	2.3650E+24	1.5730E+25
1.0230E+01	2.3680E+24	1.5830E+25
1.0290E+01	2.3710E+24	1.5930E+25
1.0340E+01	2.3740E+24	1.6040E+25
1.0390E+01	2.3760E+24	1.6140E+25
1.0450E+01	2.3790E+24	1.6240E+25
1.0500E+01	2.3820E+24	1.6350E+25
1.0560E+01	2.3850E+24	1.6460E+25
1.0610E+01	2.3880E+24	1.6570E+25
1.0670E+01	2.3920E+24	1.6680E+25
1.0720E+01	2.3950E+24	1.6790E+25
1.0780E+01	2.3980E+24	1.6900E+25
1.0840E+01	2.4010E+24	1.7020E+25
1.0900E+01	2.4050E+24	1.7130E+25
1.0950E+01	2.4080E+24	1.7250E+25
1.1010E+01	2.4110E+24	1.7370E+25
1.1070E+01	2.4140E+24	1.7490E+25
1.1130E+01	2.4180E+24	1.7610E+25
1.1190E+01	2.4210E+24	1.7730E+25
1.1250E+01	2.4240E+24	1.7860E+25
1.1310E+01	2.4280E+24	1.7980E+25
1.1380E+01	2.4310E+24	1.8110E+25
1.1440E+01	2.4350E+24	1.8230E+25
1.1500E+01	2.4380E+24	1.8360E+25
1.1560E+01	2.4420E+24	1.8490E+25
1.1630E+01	2.4450E+24	1.8620E+25
1.1690E+01	2.4490E+24	1.8760E+25
1.1760E+01	2.4520E+24	1.8890E+25
1.1820E+01	2.4560E+24	1.9030E+25
1.1890E+01	2.4600E+24	1.9170E+25
1.1950E+01	2.4630E+24	1.9310E+25
1.2020E+01	2.4670E+24	1.9450E+25
1.2090E+01	2.4700E+24	1.9590E+25
1.2160E+01	2.4740E+24	1.9730E+25
1.2230E+01	2.4780E+24	1.9880E+25
1.2300E+01	2.4810E+24	2.0020E+25
1.2370E+01	2.4850E+24	2.0170E+25
1.2440E+01	2.4890E+24	2.0320E+25
1.2510E+01	2.4920E+24	2.0470E+25
1.2580E+01	2.4960E+24	2.0620E+25
1.2650E+01	2.5000E+24	2.0780E+25
1.2730E+01	2.5050E+24	2.0950E+25
1.2800E+01	2.5080E+24	2.1100E+25
1.2870E+01	2.5120E+24	2.1260E+25
1.2950E+01	2.5160E+24	2.1420E+25
1.3020E+01	2.5200E+24	2.1590E+25
1.3100E+01	2.5230E+24	2.1750E+25
1.3180E+01	2.5270E+24	2.1920E+25
1.3260E+01	2.5310E+24	2.2080E+25
1.3330E+01	2.5350E+24	2.2250E+25
1.3410E+01	2.5390E+24	2.2420E+25
1.3490E+01	2.5420E+24	2.2590E+25
1.3570E+01	2.5460E+24	2.2770E+25
1.3650E+01	2.5510E+24	2.2950E+25
1.3740E+01	2.5540E+24	2.3130E+25
1.3820E+01	2.5580E+24	2.3310E+25
1.3900E+01	2.5620E+24	2.3490E+25
1.3980E+01	2.5660E+24	2.3680E+25
1.4070E+01	2.5700E+24	2.3860E+25
1.4150E+01	2.5740E+24	2.4050E+25
1.4240E+01	2.5780E+24	2.4240E+25
1.4330E+01	2.5810E+24	2.4430E+25
1.4420E+01	2.5850E+24	2.4620E+25
1.4500E+01	2.5890E+24	2.4810E+25
1.4590E+01	2.5930E+24	2.5010E+25
1.4680E+01	2.5970E+24	2.5210E+25
1.4770E+01	2.6010E+24	2.5410E+25
1.4860E+01	2.6050E+24	2.5610E+25
1.4950E+01	2.6090E+24	2.5820E+25
1.5050E+01	2.6120E+24	2.6020E+25
1.5140E+01	2.6160E+24	2.6230E+25
1.5240E+01	2.6200E+24	2.6440E+25
1.5330E+01	2.6240E+24	2.6650E+25
1.5430E+01	2.6280E+24	2.6860E+25
1.5520E+01	2.6320E+24	2.7080E+25
1.5620E+01	2.6360E+24	2.7290E+25
1.5720E+01	2.6390E+24	2.7510E+25
1.5820E+01	2.6430E+24	2.7730E+25
1.5920E+01	2.6480E+24	2.7970E+25
1.6020E+01	2.6520E+24	2.8190E+25
1.6120E+01	2.6550E+24	2.8420E+25
1.6220E+01	2.6590E+24	2.8650E+25
1.6320E+01	2.6630E+24	2.8880E+25
1.6430E+01	2.6670E+24	2.9110E+25
1.6530E+01	2.6700E+24	2.9350E+25
1.6640E+01	2.6740E+24	2.9590E+25
1.6750E+01	2.6780E+24	2.9820E+25
1.6850E+01	2.6820E+24	3.0060E+25
1.6960E+01	2.6850E+24	3.0310E+25
1.7070E+01	2.6890E+24	3.0550E+25
1.7180E+01	2.6930E+24	3.0800E+25
1.7290E+01	2.6960E+24	3.1050E+25
1.7400E+01	2.7000E+24	3.1300E+25
1.7510E+01	2.7040E+24	3.1560E+25
1.7630E+01	2.7070E+24	3.1810E+25
1.7740E+01	2.7110E+24	3.2070E+25
1.7860E+01	2.7140E+24	3.2330E+25
1.7970E+01	2.7180E+24	3.2590E+25
1.8090E+01	2.7220E+24	3.2850E+25
1.8210E+01	2.7250E+24	3.3120E+25
1.8330E+01	2.7290E+24	3.3390E+25
1.8450E+01	2.7320E+24	3.3660E+25
1.8570E+01	2.7360E+24	3.3930E+25
1.8690E+01	2.7390E+24	3.4200E+25
1.8810E+01	2.7420E+24	3.4480E+25
1.8930E+01	2.7460E+24	3.4760E+25
1.9060E+01	2.7490E+24	3.5040E+25
1.9180E+01	2.7520E+24	3.5320E+25
1.9310E+01	2.7560E+24	3.5600E+25
1.9440E+01	2.7590E+24	3.5890E+25
1.9570E+01	2.7630E+24	3.6180E+25
1.9690E+01	2.7660E+24	3.6470E+25
1.9820E+01	2.7690E+24	3.6760E+25
1.9960E+01	2.7720E+24	3.7060E+25
2.0090E+01	2.7760E+24	3.7350E+25
2.0220E+01	2.7800E+24	3.7680E+25
2.0360E+01	2.7830E+24	3.7980E+25
2.0490E+01	2.7860E+24	3.8280E+25
2.0630E+01	2.7890E+24	3.8590E+25
2.0760E+01	2.7920E+24	3.8900E+25
2.0900E+01	2.7950E+24	3.9210E+25
2.1040E+01	2.7990E+24	3.9520E+25
2.1180E+01	2.8020E+24	3.9830E+25
2.1320E+01	2.8050E+24	4.0140E+25
2.1460E+01	2.8070E+24	4.0460E+25
2.1610E+01	2.8100E+24	4.0780E+25
2.1750E+01	2.8130E+24	4.1100E+25
2.1900E+01	2.8160E+24	4.1430E+25
2.2040E+01	2.8210E+24	4.1800E+25
2.2190E+01	2.8240E+24	4.2130E+25
2.2340E+01	2.8260E+24	4.2460E+25
2.2490E+01	2.8290E+24	4.2790E+25
2.2640E+01	2.8320E+24	4.3120E+25
2.2790E+01	2.8350E+24	4.3460E+25
2.2940E+01	2.8370E+24	4.3790E+25
2.3090E+01	2.8400E+24	4.4130E+25
2.3250E+01	2.8420E+24	4.4470E+25
2.3400E+01	2.8450E+24	4.4820E+25
2.3560E+01	2.8480E+24	4.5160E+25
2.3720E+01	2.8500E+24	4.5510E+25
2.3870E+01	2.8530E+24	4.5860E+25
2.4030E+01	2.8550E+24	4.6230E+25
2.4190E+01	2.8580E+24	4.6580E+25
2.4350E+01	2.8600E+24	4.6940E+25
2.4510E+01	2.8620E+24	4.7290E+25
2.4680E+01	2.8640E+24	4.7650E+25
2.4840E+01	2.8670E+24	4.8010E+25
2.5010E+01	2.8690E+24	4.8380E+25
2.5170E+01	2.8710E+24	4.8740E+25
2.5340E+01	2.8730E+24	4.9110E+25
2.5510E+01	2.8750E+24	4.9480E+25
2.5680E+01	2.8780E+24	4.9850E+25
2.5850E+01	2.8800E+24	5.0220E+25
2.6020E+01	2.8820E+24	5.0590E+25
2.6200E+01	2.8850E+24	5.1010E+25
2.6370E+01	2.8870E+24	5.1390E+25
2.6540E+01	2.8880E+24	5.1770E+25
2.6720E+01	2.8900E+24	5.2150E+25
2.6900E+01	2.8920E+24	5.2530E+25
2.7080E+01	2.8940E+24	5.2910E+25
2.7260E+01	2.8960E+24	5.3300E+25
2.7440E+01	2.8970E+24	5.3690E+25
2.7620E+01	2.8990E+24	5.4080E+25
2.7800E+01	2.9010E+24	5.4470E+25
2.7980E+01	2.9020E+24	5.4870E+25
2.8170E+01	2.9040E+24	5.5260E+25
2.8350E+01	2.9060E+24	5.5660E+25
2.8540E+01	2.9070E+24	5.6060E+25
2.8720E+01	2.9080E+24	5.6480E+25
2.8910E+01	2.9100E+24	5.6880E+25
2.9100E+01	2.9110E+24	5.7280E+25
2.9290E+01	2.9130E+24	5.7690E+25
2.9490E+01	2.9140E+24	5.8100E+25
2.9680E+01	2.9150E+24	5.8510E+25
2.9870E+01	2.9170E+24	5.8920E+25
3.0070E+01	2.9180E+24	5.9330E+25
3.0270E+01	2.9190E+24	5.9750E+25
3.0470E+01	2.9200E+24	6.0170E+25
3.0660E+01	2.9220E+24	6.0580E+25
3.0860E+01	2.9230E+24	6.1000E+25
3.1070E+01	2.9240E+24	6.1430E+25
3.1270E+01	2.9250E+24	6.1850E+25
3.1460E+01	2.9250E+24	6.2290E+25
3.1670E+01	2.9260E+24	6.2710E+25
3.1870E+01	2.9270E+24	6.3140E+25
3.2080E+01	2.9280E+24	6.3570E+25
3.2290E+01	2.9290E+24	6.4000E+25
3.2500E+01	2.9300E+24	6.4440E+25
3.2710E+01	2.9310E+24	6.4870E+25
3.2920E+01	2.9320E+24	6.5310E+25
3.3130E+01	2.9330E+24	6.5750E+25
3.3350E+01	2.9330E+24	6.6190E+25
3.3560E+01	2.9340E+24	6.6630E+25
3.3780E+01	2.9350E+24	6.7080E+25
3.3990E+01	2.9350E+24	6.7520E+25
3.4210E+01	2.9360E+24	6.7970E+25
3.4430E+01	2.9370E+24	6.8470E+25
3.4650E+01	2.9380E+24	6.8920E+25
3.4870E+01	2.9380E+24	6.9370E+25
3.5090E+01	2.9390E+24	6.9830E+25
3.5320E+01	2.9390E+24	7.0280E+25
3.5540E+01	2.9400E+24	7.0740E+25
3.5770E+01	2.9400E+24	7.1200E+25
3.6000E+01	2.9410E+24	7.1660E+25
3.6220E+01	2.9410E+24	7.2120E+25
3.6450E+01	2.9410E+24	7.2580E+25
3.6690E+01	2.9410E+24	7.3050E+25
3.6920E+01	2.9420E+24	7.3510E+25
3.7150E+01	2.9420E+24	7.3980E+25
3.7380E+01	2.9420E+24	7.4450E+25
3.7620E+01	2.9420E+24	7.4920E+25
3.7860E+01	2.9440E+24	7.5480E+25
3.8100E+01	2.9440E+24	7.5960E+25
3.8340E+01	2.9440E+24	7.6430E+25
3.8580E+01	2.9440E+24	7.6910E+25
3.8820E+01	2.9450E+24	7.7390E+25
3.9060E+01	2.9450E+24	7.7870E+25
3.9310E+01	2.9440E+24	7.8350E+25
3.9550E+01	2.9440E+24	7.8830E+25
3.9800E+01	2.9440E+24	7.9320E+25
4.0040E+01	2.9440E+24	7.9810E+25
4.0290E+01	2.9440E+24	8.0290E+25
4.0540E+01	2.9440E+24	8.0790E+25
4.0790E+01	2.9440E+24	8.1280E+25
4.1050E+01	2.9440E+24	8.1770E+25
4.1300E+01	2.9430E+24	8.2270E+25
4.1560E+01	2.9440E+24	8.2850E+25
4.1810E+01	2.9440E+24	8.3350E+25
4.2070E+01	2.9440E+24	8.3850E+25
4.2330E+01	2.9430E+24	8.4350E+25
4.2590E+01	2.9430E+24	8.4860E+25
4.2850E+01	2.9430E+24	8.5360E+25
4.3110E+01	2.9420E+24	8.5870E+25
4.3380E+01	2.9420E+24	8.6380E+25
4.3640E+01	2.9410E+24	8.6890E+25
4.3910E+01	2.9410E+24	8.7400E+25
4.4170E+01	2.9400E+24	8.7910E+25
4.4440E+01	2.9400E+24	8.8430E+25
4.4710E+01	2.9390E+24	8.8940E+25
4.4980E+01	2.9390E+24	8.9460E+25
4.5260E+01	2.9380E+24	8.9980E+25
4.5530E+01	2.9380E+24	9.0500E+25
4.5780E+01	2.9350E+24	9.1000E+25
4.6060E+01	2.9340E+24	9.1520E+25
4.6340E+01	2.9340E+24	9.2050E+25
4.6610E+01	2.9330E+24	9.2580E+25
4.6890E+01	2.9330E+24	9.3110E+25
4.7180E+01	2.9320E+24	9.3640E+25
4.7460E+01	2.9310E+24	9.4180E+25
4.7740E+01	2.9310E+24	9.4710E+25
4.8030E+01	2.9300E+24	9.5250E+25
4.8320E+01	2.9290E+24	9.5790E+25
4.8600E+01	2.9280E+24	9.6330E+25
4.8890E+01	2.9280E+24	9.6870E+25
4.9180E+01	2.9270E+24	9.7420E+25
4.9480E+01	2.9260E+24	9.7960E+25
4.9770E+01	2.9250E+24	9.8510E+25
5.0060E+01	2.9240E+24	9.9060E+25
5.0360E+01	2.9230E+24	9.9610E+25
5.0660E+01	2.9240E+24	1.0030E+26
5.0960E+01	2.9230E+24	1.0080E+26
5.1260E+01	2.9230E+24	1.0140E+26
5.1560E+01	2.9220E+24	1.0190E+26
5.1860E+01	2.9210E+24	1.0250E+26
5.2170E+01	2.9200E+24	1.0310E+26
5.2470E+01	2.9190E+24	1.0360E+26
5.2780E+01	2.9180E+24	1.0420E+26
5.3090E+01	2.9170E+24	1.0480E+26
5.3400E+01	2.9160E+24	1.0530E+26
5.3710E+01	2.9150E+24	1.0590E+26
5.4020E+01	2.9140E+24	1.0650E+26
5.4340E+01	2.9130E+24	1.0710E+26
5.4650E+01	2.9110E+24	1.0760E+26
5.4970E+01	2.9100E+24	1.0820E+26
5.5290E+01	2.9090E+24	1.0880E+26
5.5610E+01	2.9080E+24	1.0940E+26
5.5920E+01	2.9070E+24	1.1000E+26
5.6240E+01	2.9050E+24	1.1060E+26
5.6560E+01	2.9040E+24	1.1120E+26
5.6890E+01	2.9030E+24	1.1180E+26
5.7220E+01	2.9020E+24	1.1240E+26
5.7550E+01	2.9010E+24	1.1300E+26
5.7880E+01	2.9000E+24	1.1360E+26
5.8210E+01	2.8990E+24	1.1420E+26
5.8540E+01	2.8970E+24	1.1480E+26
5.8880E+01	2.8960E+24	1.1540E+26
5.9210E+01	2.8950E+24	1.1600E+26
5.9550E+01	2.8940E+24	1.1660E+26
5.9890E+01	2.8930E+24	1.1720E+26
6.0230E+01	2.8910E+24	1.1780E+26
6.0570E+01	2.8900E+24	1.1840E+26
6.0920E+01	2.8890E+24	1.1900E+26
6.1260E+01	2.8880E+24	1.1970E+26
6.1610E+01	2.8860E+24	1.2030E+26
6.1960E+01	2.8870E+24	1.2100E+26
6.2310E+01	2.8850E+24	1.2170E+26
6.2660E+01	2.8840E+24	1.2230E+26
6.3010E+01	2.8830E+24	1.2290E+26
6.3370E+01	2.8810E+24	1.2360E+26
6.3730E+01	2.8800E+24	1.2420E+26
6.4080E+01	2.8790E+24	1.2480E+26
6.4440E+01	2.8780E+24	1.2550E+26
6.4810E+01	2.8760E+24	1.2610E+26
6.5170E+01	2.8750E+24	1.2680E+26
6.5530E+01	2.8740E+24	1.2740E+26
6.5900E+01	2.8720E+24	1.2810E+26
6.6270E+01	2.8710E+24	1.2870E+26
6.6640E+01	2.8700E+24	1.2940E+26
6.7010E+01	2.8680E+24	1.3000E+26
6.7380E+01	2.8670E+24	1.3070E+26
6.7760E+01	2.8660E+24	1.3130E+26
6.8130E+01	2.8640E+24	1.3200E+26
6.8510E+01	2.8630E+24	1.3270E+26
6.8890E+01	2.8630E+24	1.3350E+26
6.9270E+01	2.8610E+24	1.3410E+26
6.9650E+01	2.8600E+24	1.3480E+26
7.0030E+01	2.8580E+24	1.3550E+26
7.0420E+01	2.8570E+24	1.3620E+26
7.0810E+01	2.8560E+24	1.3680E+26
7.1200E+01	2.8540E+24	1.3750E+26
7.1590E+01	2.8530E+24	1.3820E+26
7.1980E+01	2.8510E+24	1.3890E+26
7.2380E+01	2.8500E+24	1.3960E+26
7.2780E+01	2.8490E+24	1.4030E+26
7.3180E+01	2.8470E+24	1.4100E+26
7.3580E+01	2.8460E+24	1.4170E+26
7.3980E+01	2.8440E+24	1.4240E+26
7.4380E+01	2.8430E+24	1.4310E+26
7.4790E+01	2.8410E+24	1.4380E+26
7.5200E+01	2.8400E+24	1.4450E+26
7.5610E+01	2.8390E+24	1.4520E+26
7.6020E+01	2.8370E+24	1.4590E+26
7.6430E+01	2.8360E+24	1.4670E+26
7.6800E+01	2.8320E+24	1.4730E+26
7.7210E+01	2.8300E+24	1.4800E+26
7.7630E+01	2.8290E+24	1.4880E+26
7.8050E+01	2.8270E+24	1.4950E+26
7.8480E+01	2.8260E+24	1.5020E+26
7.8900E+01	2.8250E+24	1.5100E+26
7.9330E+01	2.8230E+24	1.5170E+26
7.9760E+01	2.8220E+24	1.5250E+26
8.0190E+01	2.8200E+24	1.5320E+26
8.0620E+01	2.8190E+24	1.5400E+26
8.1060E+01	2.8180E+24	1.5470E+26
8.1490E+01	2.8160E+24	1.5550E+26
8.1930E+01	2.8150E+24	1.5620E+26
8.2370E+01	2.8130E+24	1.5700E+26
8.2820E+01	2.8120E+24	1.5780E+26
8.3260E+01	2.8110E+24	1.5850E+26
8.3710E+01	2.8090E+24	1.5930E+26
8.4160E+01	2.8080E+24	1.6010E+26
