3.8790E-02	3.5921E+09
3.9030E-02	3.6060E+09
4.1130E-02	3.7264E+09
4.7330E-02	4.0593E+09
5.8150E-02	4.5848E+09
7.3120E-02	5.2404E+09
9.1780E-02	5.9773E+09
1.1380E-01	6.7665E+09
1.3900E-01	7.5912E+09
1.6730E-01	8.4461E+09
1.9850E-01	9.3190E+09
2.3260E-01	1.0204E+10
2.6970E-01	1.1107E+10
3.0970E-01	1.2016E+10
3.5250E-01	1.2937E+10
3.9820E-01	1.3864E+10
4.4690E-01	1.4797E+10
4.9850E-01	1.5736E+10
5.5310E-01	1.6675E+10
6.1070E-01	1.7627E+10
6.7140E-01	1.8572E+10
7.3520E-01	1.9523E+10
8.0230E-01	2.0474E+10
8.7270E-01	2.1425E+10
9.4640E-01	2.2382E+10
1.0240E+00	2.3334E+10
1.1050E+00	2.4285E+10
1.1890E+00	2.5236E+10
1.2780E+00	2.6187E+10
1.3700E+00	2.7132E+10
1.4680E+00	2.8071E+10
1.5690E+00	2.9016E+10
1.6760E+00	2.9950E+10
1.7890E+00	3.0883E+10
1.9070E+00	3.1804E+10
2.0320E+00	3.2713E+10
2.1640E+00	3.3616E+10
2.3030E+00	3.4507E+10
2.4510E+00	3.5386E+10
2.6080E+00	3.6252E+10
2.7750E+00	3.7101E+10
2.9530E+00	3.7932E+10
3.1420E+00	3.8733E+10
3.3410E+00	3.9509E+10
3.5500E+00	4.0244E+10
3.7640E+00	4.0930E+10
3.9820E+00	4.1574E+10
4.2000E+00	4.2152E+10
4.4130E+00	4.2670E+10
4.6190E+00	4.3133E+10
4.8160E+00	4.3531E+10
5.0000E+00	4.3880E+10
5.1720E+00	4.4175E+10
5.3310E+00	4.4428E+10
5.4770E+00	4.4644E+10
5.6120E+00	4.4825E+10
5.7350E+00	4.4981E+10
5.8480E+00	4.5114E+10
5.9530E+00	4.5228E+10
6.0490E+00	4.5331E+10
6.1380E+00	4.5415E+10
6.2200E+00	4.5493E+10
6.2980E+00	4.5559E+10
6.3700E+00	4.5620E+10
6.4380E+00	4.5674E+10
6.5020E+00	4.5722E+10
6.5630E+00	4.5770E+10
6.6220E+00	4.5812E+10
6.6770E+00	4.5848E+10
6.7310E+00	4.5884E+10
6.7830E+00	4.5921E+10
6.8330E+00	4.5951E+10
6.8810E+00	4.5987E+10
6.9290E+00	4.6017E+10
6.9740E+00	4.6047E+10
7.0190E+00	4.6071E+10
7.0640E+00	4.6101E+10
7.1070E+00	4.6125E+10
7.1500E+00	4.6149E+10
7.1920E+00	4.6173E+10
7.2340E+00	4.6197E+10
7.2750E+00	4.6222E+10
7.3150E+00	4.6240E+10
7.3560E+00	4.6264E+10
7.3960E+00	4.6282E+10
7.4350E+00	4.6306E+10
7.4750E+00	4.6324E+10
7.5140E+00	4.6342E+10
7.5530E+00	4.6360E+10
7.5920E+00	4.6378E+10
7.6310E+00	4.6390E+10
7.6700E+00	4.6408E+10
7.7090E+00	4.6420E+10
7.7470E+00	4.6438E+10
7.7860E+00	4.6450E+10
7.8250E+00	4.6462E+10
7.8650E+00	4.6480E+10
7.9030E+00	4.6492E+10
7.9420E+00	4.6505E+10
7.9810E+00	4.6517E+10
8.0200E+00	4.6523E+10
8.0580E+00	4.6535E+10
8.0970E+00	4.6547E+10
8.1370E+00	4.6553E+10
8.1760E+00	4.6559E+10
8.2150E+00	4.6571E+10
8.2540E+00	4.6577E+10
8.2920E+00	4.6583E+10
8.3320E+00	4.6589E+10
8.3720E+00	4.6595E+10
8.4120E+00	4.6601E+10
8.4520E+00	4.6607E+10
8.4930E+00	4.6613E+10
8.5330E+00	4.6613E+10
8.5740E+00	4.6619E+10
8.6150E+00	4.6619E+10
8.6570E+00	4.6619E+10
8.6980E+00	4.6619E+10
8.7390E+00	4.6625E+10
8.7810E+00	4.6625E+10
8.8240E+00	4.6625E+10
8.8660E+00	4.6625E+10
8.9090E+00	4.6625E+10
8.9520E+00	4.6625E+10
8.9950E+00	4.6619E+10
9.0390E+00	4.6619E+10
9.0820E+00	4.6613E+10
9.1270E+00	4.6613E+10
9.1710E+00	4.6607E+10
9.2160E+00	4.6601E+10
9.2610E+00	4.6601E+10
9.3070E+00	4.6595E+10
9.3520E+00	4.6589E+10
9.3980E+00	4.6583E+10
9.4450E+00	4.6571E+10
9.4910E+00	4.6565E+10
9.5380E+00	4.6559E+10
9.5860E+00	4.6547E+10
9.6330E+00	4.6541E+10
9.6810E+00	4.6529E+10
9.7300E+00	4.6517E+10
9.7770E+00	4.6511E+10
9.8260E+00	4.6498E+10
9.8750E+00	4.6486E+10
9.9250E+00	4.6474E+10
9.9760E+00	4.6462E+10
1.0030E+01	4.6450E+10
1.0080E+01	4.6432E+10
1.0130E+01	4.6420E+10
1.0180E+01	4.6408E+10
1.0230E+01	4.6390E+10
1.0290E+01	4.6372E+10
1.0340E+01	4.6354E+10
1.0390E+01	4.6348E+10
1.0450E+01	4.6330E+10
1.0500E+01	4.6312E+10
1.0560E+01	4.6288E+10
1.0610E+01	4.6270E+10
1.0670E+01	4.6252E+10
1.0720E+01	4.6228E+10
1.0780E+01	4.6210E+10
1.0840E+01	4.6185E+10
1.0900E+01	4.6167E+10
1.0950E+01	4.6143E+10
1.1010E+01	4.6119E+10
1.1070E+01	4.6101E+10
1.1130E+01	4.6077E+10
1.1190E+01	4.6053E+10
1.1250E+01	4.6023E+10
1.1310E+01	4.5999E+10
1.1380E+01	4.5975E+10
1.1440E+01	4.5945E+10
1.1500E+01	4.5921E+10
1.1560E+01	4.5890E+10
1.1630E+01	4.5860E+10
1.1690E+01	4.5830E+10
1.1760E+01	4.5800E+10
1.1820E+01	4.5770E+10
1.1890E+01	4.5746E+10
1.1950E+01	4.5710E+10
1.2020E+01	4.5680E+10
1.2090E+01	4.5644E+10
1.2160E+01	4.5614E+10
1.2230E+01	4.5577E+10
1.2300E+01	4.5541E+10
1.2370E+01	4.5511E+10
1.2440E+01	4.5475E+10
1.2510E+01	4.5439E+10
1.2580E+01	4.5397E+10
1.2650E+01	4.5361E+10
1.2730E+01	4.5325E+10
1.2800E+01	4.5288E+10
1.2870E+01	4.5252E+10
1.2950E+01	4.5210E+10
1.3020E+01	4.5168E+10
1.3100E+01	4.5126E+10
1.3180E+01	4.5084E+10
1.3260E+01	4.5042E+10
1.3330E+01	4.5000E+10
1.3410E+01	4.4957E+10
1.3490E+01	4.4915E+10
1.3570E+01	4.4867E+10
1.3650E+01	4.4831E+10
1.3740E+01	4.4783E+10
1.3820E+01	4.4735E+10
1.3900E+01	4.4692E+10
1.3980E+01	4.4644E+10
1.4070E+01	4.4596E+10
1.4150E+01	4.4548E+10
1.4240E+01	4.4494E+10
1.4330E+01	4.4446E+10
1.4420E+01	4.4398E+10
1.4500E+01	4.4343E+10
1.4590E+01	4.4295E+10
1.4680E+01	4.4247E+10
1.4770E+01	4.4193E+10
1.4860E+01	4.4139E+10
1.4950E+01	4.4084E+10
1.5050E+01	4.4030E+10
1.5140E+01	4.3976E+10
1.5240E+01	4.3922E+10
1.5330E+01	4.3868E+10
1.5430E+01	4.3808E+10
1.5520E+01	4.3753E+10
1.5620E+01	4.3693E+10
1.5720E+01	4.3633E+10
1.5820E+01	4.3579E+10
1.5920E+01	4.3525E+10
1.6020E+01	4.3464E+10
1.6120E+01	4.3404E+10
1.6220E+01	4.3344E+10
1.6320E+01	4.3278E+10
1.6430E+01	4.3218E+10
1.6530E+01	4.3151E+10
1.6640E+01	4.3091E+10
1.6750E+01	4.3025E+10
1.6850E+01	4.2965E+10
1.6960E+01	4.2899E+10
1.7070E+01	4.2832E+10
1.7180E+01	4.2772E+10
1.7290E+01	4.2706E+10
1.7400E+01	4.2640E+10
1.7510E+01	4.2573E+10
1.7630E+01	4.2507E+10
1.7740E+01	4.2441E+10
1.7860E+01	4.2369E+10
1.7970E+01	4.2303E+10
1.8090E+01	4.2230E+10
1.8210E+01	4.2158E+10
1.8330E+01	4.2092E+10
1.8450E+01	4.2020E+10
1.8570E+01	4.1947E+10
1.8690E+01	4.1887E+10
1.8810E+01	4.1815E+10
1.8930E+01	4.1737E+10
1.9060E+01	4.1664E+10
1.9180E+01	4.1592E+10
1.9310E+01	4.1520E+10
1.9440E+01	4.1442E+10
1.9570E+01	4.1369E+10
1.9690E+01	4.1291E+10
1.9820E+01	4.1219E+10
1.9960E+01	4.1141E+10
2.0090E+01	4.1062E+10
2.0220E+01	4.0990E+10
2.0360E+01	4.0912E+10
2.0490E+01	4.0834E+10
2.0630E+01	4.0755E+10
2.0760E+01	4.0677E+10
2.0900E+01	4.0599E+10
2.1040E+01	4.0521E+10
2.1180E+01	4.0442E+10
2.1320E+01	4.0358E+10
2.1460E+01	4.0280E+10
2.1610E+01	4.0202E+10
2.1750E+01	4.0117E+10
2.1900E+01	4.0039E+10
2.2040E+01	3.9961E+10
2.2190E+01	3.9876E+10
2.2340E+01	3.9792E+10
2.2490E+01	3.9714E+10
2.2640E+01	3.9630E+10
2.2790E+01	3.9545E+10
2.2940E+01	3.9461E+10
2.3090E+01	3.9377E+10
2.3250E+01	3.9293E+10
2.3400E+01	3.9208E+10
2.3560E+01	3.9124E+10
2.3720E+01	3.9040E+10
2.3870E+01	3.8955E+10
2.4030E+01	3.8877E+10
2.4190E+01	3.8793E+10
2.4350E+01	3.8703E+10
2.4510E+01	3.8618E+10
2.4680E+01	3.8528E+10
2.4840E+01	3.8444E+10
2.5010E+01	3.8359E+10
2.5170E+01	3.8269E+10
2.5340E+01	3.8185E+10
2.5510E+01	3.8095E+10
2.5680E+01	3.8004E+10
2.5850E+01	3.7920E+10
2.6020E+01	3.7830E+10
2.6200E+01	3.7745E+10
2.6370E+01	3.7661E+10
2.6540E+01	3.7571E+10
2.6720E+01	3.7481E+10
2.6900E+01	3.7390E+10
2.7080E+01	3.7300E+10
2.7260E+01	3.7216E+10
2.7440E+01	3.7125E+10
2.7620E+01	3.7035E+10
2.7800E+01	3.6945E+10
2.7980E+01	3.6854E+10
2.8170E+01	3.6764E+10
2.8350E+01	3.6674E+10
2.8540E+01	3.6584E+10
2.8720E+01	3.6499E+10
2.8910E+01	3.6409E+10
2.9100E+01	3.6319E+10
2.9290E+01	3.6228E+10
2.9490E+01	3.6138E+10
2.9680E+01	3.6048E+10
2.9870E+01	3.5957E+10
3.0070E+01	3.5861E+10
3.0270E+01	3.5771E+10
3.0470E+01	3.5681E+10
3.0660E+01	3.5590E+10
3.0860E+01	3.5500E+10
3.1070E+01	3.5410E+10
3.1270E+01	3.5313E+10
3.1460E+01	3.5235E+10
3.1670E+01	3.5145E+10
3.1870E+01	3.5054E+10
3.2080E+01	3.4958E+10
3.2290E+01	3.4868E+10
3.2500E+01	3.4778E+10
3.2710E+01	3.4687E+10
3.2920E+01	3.4591E+10
3.3130E+01	3.4501E+10
3.3350E+01	3.4410E+10
3.3560E+01	3.4320E+10
3.3780E+01	3.4224E+10
3.3990E+01	3.4133E+10
3.4210E+01	3.4043E+10
3.4430E+01	3.3959E+10
3.4650E+01	3.3869E+10
3.4870E+01	3.3772E+10
3.5090E+01	3.3682E+10
3.5320E+01	3.3592E+10
3.5540E+01	3.3495E+10
3.5770E+01	3.3405E+10
3.6000E+01	3.3315E+10
3.6220E+01	3.3224E+10
3.6450E+01	3.3128E+10
3.6690E+01	3.3038E+10
3.6920E+01	3.2947E+10
3.7150E+01	3.2857E+10
3.7380E+01	3.2767E+10
3.7620E+01	3.2671E+10
3.7860E+01	3.2586E+10
3.8100E+01	3.2496E+10
3.8340E+01	3.2400E+10
3.8580E+01	3.2309E+10
3.8820E+01	3.2219E+10
3.9060E+01	3.2129E+10
3.9310E+01	3.2038E+10
3.9550E+01	3.1948E+10
3.9800E+01	3.1858E+10
4.0040E+01	3.1768E+10
4.0290E+01	3.1677E+10
4.0540E+01	3.1587E+10
4.0790E+01	3.1497E+10
4.1050E+01	3.1400E+10
4.1300E+01	3.1310E+10
4.1560E+01	3.1232E+10
4.1810E+01	3.1141E+10
4.2070E+01	3.1051E+10
4.2330E+01	3.0961E+10
4.2590E+01	3.0871E+10
4.2850E+01	3.0780E+10
4.3110E+01	3.0690E+10
4.3380E+01	3.0600E+10
4.3640E+01	3.0515E+10
4.3910E+01	3.0425E+10
4.4170E+01	3.0335E+10
4.4440E+01	3.0244E+10
4.4710E+01	3.0154E+10
4.4980E+01	3.0070E+10
4.5260E+01	2.9980E+10
4.5530E+01	2.9889E+10
4.5780E+01	2.9823E+10
4.6060E+01	2.9739E+10
4.6340E+01	2.9649E+10
4.6610E+01	2.9558E+10
4.6890E+01	2.9474E+10
4.7180E+01	2.9384E+10
4.7460E+01	2.9299E+10
4.7740E+01	2.9209E+10
4.8030E+01	2.9125E+10
4.8320E+01	2.9034E+10
4.8600E+01	2.8950E+10
4.8890E+01	2.8860E+10
4.9180E+01	2.8776E+10
4.9480E+01	2.8691E+10
4.9770E+01	2.8601E+10
5.0060E+01	2.8517E+10
5.0360E+01	2.8432E+10
5.0660E+01	2.8348E+10
5.0960E+01	2.8264E+10
5.1260E+01	2.8174E+10
5.1560E+01	2.8089E+10
5.1860E+01	2.8005E+10
5.2170E+01	2.7921E+10
5.2470E+01	2.7836E+10
5.2780E+01	2.7752E+10
5.3090E+01	2.7668E+10
5.3400E+01	2.7584E+10
5.3710E+01	2.7499E+10
5.4020E+01	2.7415E+10
5.4340E+01	2.7331E+10
5.4650E+01	2.7247E+10
5.4970E+01	2.7162E+10
5.5290E+01	2.7078E+10
5.5610E+01	2.7000E+10
5.5920E+01	2.6927E+10
5.6240E+01	2.6849E+10
5.6560E+01	2.6765E+10
5.6890E+01	2.6681E+10
5.7220E+01	2.6602E+10
5.7550E+01	2.6518E+10
5.7880E+01	2.6434E+10
5.8210E+01	2.6356E+10
5.8540E+01	2.6271E+10
5.8880E+01	2.6193E+10
5.9210E+01	2.6109E+10
5.9550E+01	2.6030E+10
5.9890E+01	2.5946E+10
6.0230E+01	2.5868E+10
6.0570E+01	2.5790E+10
6.0920E+01	2.5705E+10
6.1260E+01	2.5627E+10
6.1610E+01	2.5549E+10
6.1960E+01	2.5477E+10
6.2310E+01	2.5398E+10
6.2660E+01	2.5320E+10
6.3010E+01	2.5236E+10
6.3370E+01	2.5158E+10
6.3730E+01	2.5079E+10
6.4080E+01	2.5001E+10
6.4440E+01	2.4923E+10
6.4810E+01	2.4845E+10
6.5170E+01	2.4766E+10
6.5530E+01	2.4688E+10
6.5900E+01	2.4610E+10
6.6270E+01	2.4538E+10
6.6640E+01	2.4459E+10
6.7010E+01	2.4381E+10
6.7380E+01	2.4303E+10
6.7760E+01	2.4231E+10
6.8130E+01	2.4152E+10
6.8510E+01	2.4074E+10
6.8890E+01	2.4008E+10
6.9270E+01	2.3930E+10
6.9650E+01	2.3851E+10
7.0030E+01	2.3779E+10
7.0420E+01	2.3701E+10
7.0810E+01	2.3629E+10
7.1200E+01	2.3550E+10
7.1590E+01	2.3478E+10
7.1980E+01	2.3406E+10
7.2380E+01	2.3328E+10
7.2780E+01	2.3255E+10
7.3180E+01	2.3183E+10
7.3580E+01	2.3111E+10
7.3980E+01	2.3033E+10
7.4380E+01	2.2960E+10
7.4790E+01	2.2888E+10
7.5200E+01	2.2816E+10
7.5610E+01	2.2744E+10
7.6020E+01	2.2671E+10
7.6430E+01	2.2599E+10
7.6800E+01	2.2551E+10
7.7210E+01	2.2479E+10
7.7630E+01	2.2406E+10
7.8050E+01	2.2334E+10
7.8480E+01	2.2262E+10
7.8900E+01	2.2196E+10
7.9330E+01	2.2124E+10
7.9760E+01	2.2051E+10
8.0190E+01	2.1979E+10
8.0620E+01	2.1913E+10
8.1060E+01	2.1841E+10
8.1490E+01	2.1768E+10
8.1930E+01	2.1702E+10
8.2370E+01	2.1630E+10
8.2820E+01	2.1564E+10
8.3260E+01	2.1491E+10
8.3710E+01	2.1425E+10
8.4160E+01	2.1353E+10
