0.000E+00	3.720E+03	9.689E+01
3.882E-02	3.720E+03	9.689E+01
3.883E-02	3.720E+03	9.696E+01
3.884E-02	3.720E+03	9.702E+01
3.885E-02	3.724E+03	9.714E+01
3.886E-02	3.724E+03	9.724E+01
3.887E-02	3.724E+03	9.730E+01
3.888E-02	3.727E+03	9.739E+01
3.889E-02	3.727E+03	9.745E+01
3.890E-02	3.730E+03	9.761E+01
3.891E-02	3.730E+03	9.770E+01
3.892E-02	3.730E+03	9.776E+01
3.893E-02	3.733E+03	9.786E+01
3.894E-02	3.733E+03	9.795E+01
3.895E-02	3.733E+03	9.807E+01
3.897E-02	3.736E+03	9.817E+01
3.898E-02	3.736E+03	9.829E+01
3.899E-02	3.739E+03	9.842E+01
3.901E-02	3.739E+03	9.857E+01
3.903E-02	3.742E+03	9.870E+01
3.904E-02	3.745E+03	9.885E+01
3.906E-02	3.745E+03	9.904E+01
3.908E-02	3.748E+03	9.919E+01
3.910E-02	3.752E+03	9.941E+01
3.912E-02	3.752E+03	9.960E+01
3.915E-02	3.761E+03	1.002E+02
3.917E-02	3.764E+03	1.004E+02
3.920E-02	3.767E+03	1.007E+02
3.923E-02	3.770E+03	1.009E+02
3.926E-02	3.773E+03	1.012E+02
3.930E-02	3.780E+03	1.016E+02
3.934E-02	3.783E+03	1.019E+02
3.938E-02	3.786E+03	1.023E+02
3.942E-02	3.792E+03	1.027E+02
3.947E-02	3.795E+03	1.031E+02
3.952E-02	3.801E+03	1.036E+02
3.957E-02	3.807E+03	1.041E+02
3.963E-02	3.814E+03	1.046E+02
3.969E-02	3.820E+03	1.052E+02
3.976E-02	3.826E+03	1.058E+02
3.983E-02	3.832E+03	1.065E+02
3.991E-02	3.842E+03	1.072E+02
3.999E-02	3.848E+03	1.080E+02
4.008E-02	3.857E+03	1.089E+02
4.018E-02	3.866E+03	1.098E+02
4.029E-02	3.876E+03	1.108E+02
4.040E-02	3.888E+03	1.119E+02
4.053E-02	3.898E+03	1.131E+02
4.066E-02	3.910E+03	1.144E+02
4.081E-02	3.925E+03	1.158E+02
4.097E-02	3.938E+03	1.174E+02
4.114E-02	3.953E+03	1.190E+02
4.133E-02	3.969E+03	1.208E+02
4.154E-02	3.984E+03	1.228E+02
4.176E-02	4.003E+03	1.250E+02
4.200E-02	4.022E+03	1.273E+02
4.227E-02	4.043E+03	1.299E+02
4.256E-02	4.062E+03	1.327E+02
4.287E-02	4.087E+03	1.357E+02
4.322E-02	4.112E+03	1.391E+02
4.359E-02	4.137E+03	1.427E+02
4.400E-02	4.165E+03	1.467E+02
4.445E-02	4.193E+03	1.510E+02
4.495E-02	4.233E+03	1.564E+02
4.549E-02	4.267E+03	1.616E+02
4.607E-02	4.301E+03	1.672E+02
4.672E-02	4.335E+03	1.734E+02
4.742E-02	4.373E+03	1.801E+02
4.819E-02	4.413E+03	1.874E+02
4.903E-02	4.453E+03	1.954E+02
4.995E-02	4.497E+03	2.041E+02
5.095E-02	4.543E+03	2.135E+02
5.205E-02	4.590E+03	2.238E+02
5.324E-02	4.637E+03	2.349E+02
5.455E-02	4.689E+03	2.470E+02
5.597E-02	4.739E+03	2.601E+02
5.751E-02	4.792E+03	2.743E+02
5.919E-02	4.848E+03	2.895E+02
6.102E-02	4.904E+03	3.059E+02
6.299E-02	4.960E+03	3.236E+02
6.513E-02	5.019E+03	3.425E+02
6.744E-02	5.075E+03	3.627E+02
6.992E-02	5.134E+03	3.845E+02
7.259E-02	5.189E+03	4.075E+02
7.546E-02	5.245E+03	4.317E+02
7.850E-02	5.304E+03	4.575E+02
8.177E-02	5.357E+03	4.848E+02
8.524E-02	5.407E+03	5.130E+02
8.893E-02	5.457E+03	5.429E+02
9.282E-02	5.500E+03	5.739E+02
9.692E-02	5.540E+03	6.062E+02
1.012E-01	5.575E+03	6.394E+02
1.057E-01	5.606E+03	6.736E+02
1.104E-01	5.630E+03	7.087E+02
1.153E-01	5.649E+03	7.444E+02
1.203E-01	5.661E+03	7.804E+02
1.255E-01	5.668E+03	8.171E+02
1.308E-01	5.665E+03	8.534E+02
1.362E-01	5.655E+03	8.901E+02
1.418E-01	5.640E+03	9.264E+02
1.474E-01	5.618E+03	9.621E+02
1.530E-01	5.587E+03	9.972E+02
1.587E-01	5.550E+03	1.032E+03
1.645E-01	5.503E+03	1.065E+03
1.702E-01	5.453E+03	1.097E+03
1.761E-01	5.401E+03	1.131E+03
1.817E-01	5.339E+03	1.160E+03
1.874E-01	5.267E+03	1.189E+03
1.930E-01	5.196E+03	1.215E+03
1.985E-01	5.118E+03	1.240E+03
2.040E-01	5.034E+03	1.264E+03
2.093E-01	4.950E+03	1.286E+03
2.146E-01	4.860E+03	1.306E+03
2.198E-01	4.770E+03	1.324E+03
2.249E-01	4.677E+03	1.341E+03
2.299E-01	4.584E+03	1.357E+03
2.349E-01	4.491E+03	1.370E+03
2.397E-01	4.394E+03	1.383E+03
2.445E-01	4.298E+03	1.394E+03
2.491E-01	4.202E+03	1.403E+03
2.537E-01	4.109E+03	1.412E+03
2.582E-01	4.012E+03	1.419E+03
2.627E-01	3.919E+03	1.425E+03
2.671E-01	3.826E+03	1.429E+03
2.714E-01	3.733E+03	1.433E+03
2.757E-01	3.643E+03	1.435E+03
2.800E-01	3.556E+03	1.437E+03
2.842E-01	3.466E+03	1.438E+03
2.883E-01	3.382E+03	1.438E+03
2.925E-01	3.295E+03	1.437E+03
2.966E-01	3.214E+03	1.436E+03
3.007E-01	3.134E+03	1.433E+03
3.047E-01	3.054E+03	1.430E+03
3.088E-01	2.977E+03	1.427E+03
3.129E-01	2.902E+03	1.423E+03
3.170E-01	2.828E+03	1.419E+03
3.210E-01	2.756E+03	1.414E+03
3.251E-01	2.686E+03	1.408E+03
3.292E-01	2.618E+03	1.402E+03
3.333E-01	2.551E+03	1.396E+03
3.375E-01	2.486E+03	1.390E+03
3.417E-01	2.423E+03	1.383E+03
3.459E-01	2.362E+03	1.376E+03
3.501E-01	2.302E+03	1.368E+03
3.544E-01	2.243E+03	1.361E+03
3.587E-01	2.187E+03	1.353E+03
3.631E-01	2.131E+03	1.345E+03
3.675E-01	2.078E+03	1.336E+03
3.719E-01	2.025E+03	1.328E+03
3.764E-01	1.974E+03	1.319E+03
3.810E-01	1.925E+03	1.310E+03
3.856E-01	1.876E+03	1.301E+03
3.903E-01	1.829E+03	1.292E+03
3.950E-01	1.783E+03	1.283E+03
3.998E-01	1.739E+03	1.273E+03
4.047E-01	1.695E+03	1.264E+03
4.096E-01	1.653E+03	1.254E+03
4.146E-01	1.612E+03	1.243E+03
4.197E-01	1.571E+03	1.233E+03
4.249E-01	1.533E+03	1.223E+03
4.301E-01	1.494E+03	1.213E+03
4.354E-01	1.457E+03	1.204E+03
4.408E-01	1.421E+03	1.194E+03
4.463E-01	1.386E+03	1.184E+03
4.519E-01	1.352E+03	1.174E+03
4.576E-01	1.319E+03	1.164E+03
4.633E-01	1.286E+03	1.154E+03
4.692E-01	1.255E+03	1.143E+03
4.751E-01	1.224E+03	1.134E+03
4.812E-01	1.194E+03	1.124E+03
4.873E-01	1.165E+03	1.113E+03
4.936E-01	1.136E+03	1.105E+03
5.000E-01	1.108E+03	1.095E+03
5.065E-01	1.081E+03	1.084E+03
5.131E-01	1.055E+03	1.075E+03
5.198E-01	1.030E+03	1.064E+03
5.267E-01	1.005E+03	1.054E+03
5.336E-01	9.804E+02	1.044E+03
5.407E-01	9.568E+02	1.034E+03
5.480E-01	9.339E+02	1.024E+03
5.554E-01	9.115E+02	1.014E+03
5.629E-01	8.898E+02	1.004E+03
5.706E-01	8.683E+02	9.944E+02
5.784E-01	8.478E+02	9.845E+02
5.864E-01	8.276E+02	9.752E+02
5.946E-01	8.078E+02	9.652E+02
6.029E-01	7.888E+02	9.556E+02
6.114E-01	7.702E+02	9.457E+02
6.200E-01	7.519E+02	9.360E+02
6.289E-01	7.342E+02	9.264E+02
6.379E-01	7.171E+02	9.168E+02
6.471E-01	7.000E+02	9.075E+02
6.565E-01	6.835E+02	8.978E+02
6.660E-01	6.677E+02	8.885E+02
6.758E-01	6.522E+02	8.792E+02
6.858E-01	6.370E+02	8.699E+02
6.960E-01	6.220E+02	8.606E+02
7.064E-01	6.075E+02	8.512E+02
7.170E-01	5.932E+02	8.422E+02
7.278E-01	5.795E+02	8.332E+02
7.388E-01	5.658E+02	8.242E+02
7.501E-01	5.528E+02	8.152E+02
7.615E-01	5.398E+02	8.065E+02
7.732E-01	5.273E+02	7.978E+02
7.852E-01	5.152E+02	7.891E+02
7.973E-01	5.031E+02	7.804E+02
8.097E-01	4.913E+02	7.720E+02
8.224E-01	4.798E+02	7.634E+02
8.352E-01	4.686E+02	7.550E+02
8.484E-01	4.578E+02	7.469E+02
8.617E-01	4.472E+02	7.388E+02
8.753E-01	4.366E+02	7.304E+02
8.892E-01	4.264E+02	7.227E+02
9.034E-01	4.165E+02	7.146E+02
9.177E-01	4.068E+02	7.068E+02
9.324E-01	3.972E+02	6.991E+02
9.473E-01	3.879E+02	6.916E+02
9.625E-01	3.789E+02	6.839E+02
9.779E-01	3.699E+02	6.764E+02
9.937E-01	3.612E+02	6.689E+02
1.010E+00	3.528E+02	6.621E+02
1.026E+00	3.444E+02	6.550E+02
1.042E+00	3.363E+02	6.478E+02
1.059E+00	3.286E+02	6.410E+02
1.076E+00	3.208E+02	6.339E+02
1.094E+00	3.130E+02	6.270E+02
1.111E+00	3.057E+02	6.205E+02
1.129E+00	2.984E+02	6.137E+02
1.148E+00	2.913E+02	6.071E+02
1.166E+00	2.843E+02	6.006E+02
1.185E+00	2.775E+02	5.941E+02
1.204E+00	2.709E+02	5.879E+02
1.224E+00	2.644E+02	5.814E+02
1.243E+00	2.581E+02	5.752E+02
1.263E+00	2.519E+02	5.689E+02
1.284E+00	2.458E+02	5.630E+02
1.304E+00	2.399E+02	5.571E+02
1.325E+00	2.341E+02	5.512E+02
1.346E+00	2.285E+02	5.457E+02
1.368E+00	2.230E+02	5.398E+02
1.390E+00	2.176E+02	5.342E+02
1.412E+00	2.123E+02	5.286E+02
1.435E+00	2.072E+02	5.233E+02
1.458E+00	2.021E+02	5.180E+02
1.481E+00	1.972E+02	5.124E+02
1.505E+00	1.925E+02	5.071E+02
1.529E+00	1.878E+02	5.019E+02
1.553E+00	1.832E+02	4.969E+02
1.578E+00	1.788E+02	4.919E+02
1.603E+00	1.744E+02	4.870E+02
1.628E+00	1.702E+02	4.820E+02
1.654E+00	1.660E+02	4.770E+02
1.680E+00	1.620E+02	4.724E+02
1.707E+00	1.580E+02	4.674E+02
1.734E+00	1.541E+02	4.627E+02
1.761E+00	1.504E+02	4.581E+02
1.789E+00	1.467E+02	4.540E+02
1.817E+00	1.431E+02	4.497E+02
1.846E+00	1.396E+02	4.450E+02
1.875E+00	1.362E+02	4.407E+02
1.904E+00	1.329E+02	4.363E+02
1.934E+00	1.296E+02	4.320E+02
1.965E+00	1.264E+02	4.276E+02
1.996E+00	1.233E+02	4.236E+02
2.027E+00	1.202E+02	4.193E+02
2.058E+00	1.173E+02	4.152E+02
2.090E+00	1.144E+02	4.112E+02
2.123E+00	1.116E+02	4.071E+02
2.156E+00	1.088E+02	4.022E+02
2.189E+00	1.061E+02	3.984E+02
2.223E+00	1.035E+02	3.944E+02
2.257E+00	1.009E+02	3.907E+02
2.292E+00	9.839E+01	3.870E+02
2.327E+00	9.593E+01	3.832E+02
2.363E+00	9.354E+01	3.795E+02
2.399E+00	9.121E+01	3.758E+02
2.436E+00	8.891E+01	3.724E+02
2.473E+00	8.671E+01	3.686E+02
2.510E+00	8.453E+01	3.652E+02
2.548E+00	8.239E+01	3.615E+02
2.587E+00	8.034E+01	3.581E+02
2.626E+00	7.832E+01	3.547E+02
2.665E+00	7.637E+01	3.512E+02
2.705E+00	7.444E+01	3.481E+02
2.746E+00	7.258E+01	3.447E+02
2.787E+00	7.075E+01	3.413E+02
2.829E+00	6.898E+01	3.382E+02
2.871E+00	6.724E+01	3.351E+02
2.914E+00	6.553E+01	3.317E+02
2.957E+00	6.388E+01	3.286E+02
3.001E+00	6.227E+01	3.255E+02
3.046E+00	6.071E+01	3.224E+02
3.091E+00	5.919E+01	3.193E+02
3.137E+00	5.770E+01	3.161E+02
3.184E+00	5.627E+01	3.134E+02
3.231E+00	5.484E+01	3.103E+02
3.279E+00	5.348E+01	3.073E+02
3.328E+00	5.214E+01	3.044E+02
3.377E+00	5.084E+01	3.015E+02
3.428E+00	4.957E+01	2.986E+02
3.479E+00	4.835E+01	2.957E+02
3.531E+00	4.714E+01	2.929E+02
3.584E+00	4.596E+01	2.901E+02
3.637E+00	4.484E+01	2.873E+02
3.692E+00	4.373E+01	2.845E+02
3.748E+00	4.267E+01	2.818E+02
3.804E+00	4.161E+01	2.791E+02
3.862E+00	4.059E+01	2.764E+02
3.920E+00	3.960E+01	2.737E+02
3.979E+00	3.863E+01	2.711E+02
4.040E+00	3.773E+01	2.684E+02
4.100E+00	3.683E+01	2.659E+02
4.162E+00	3.596E+01	2.634E+02
4.224E+00	3.516E+01	2.609E+02
4.286E+00	3.438E+01	2.585E+02
4.347E+00	3.363E+01	2.561E+02
4.409E+00	3.295E+01	2.539E+02
4.469E+00	3.233E+01	2.518E+02
4.528E+00	3.177E+01	2.498E+02
4.585E+00	3.124E+01	2.478E+02
4.641E+00	3.080E+01	2.461E+02
4.693E+00	3.043E+01	2.445E+02
4.743E+00	3.010E+01	2.430E+02
4.791E+00	2.983E+01	2.416E+02
4.835E+00	2.962E+01	2.405E+02
4.877E+00	2.945E+01	2.394E+02
4.915E+00	2.934E+01	2.385E+02
4.951E+00	2.926E+01	2.376E+02
4.984E+00	2.922E+01	2.370E+02
5.014E+00	2.921E+01	2.363E+02
5.041E+00	2.923E+01	2.358E+02
5.067E+00	2.927E+01	2.354E+02
5.090E+00	2.932E+01	2.350E+02
5.111E+00	2.939E+01	2.347E+02
5.131E+00	2.946E+01	2.344E+02
5.150E+00	2.954E+01	2.342E+02
5.167E+00	2.962E+01	2.340E+02
5.182E+00	2.970E+01	2.338E+02
5.197E+00	2.978E+01	2.337E+02
5.211E+00	2.985E+01	2.335E+02
5.225E+00	2.992E+01	2.334E+02
5.238E+00	2.999E+01	2.333E+02
5.250E+00	3.005E+01	2.332E+02
5.262E+00	3.010E+01	2.331E+02
5.274E+00	3.015E+01	2.330E+02
5.285E+00	3.019E+01	2.329E+02
5.297E+00	3.022E+01	2.328E+02
5.308E+00	3.023E+01	2.326E+02
5.319E+00	3.025E+01	2.325E+02
5.330E+00	3.026E+01	2.324E+02
5.342E+00	3.026E+01	2.322E+02
5.353E+00	3.025E+01	2.321E+02
5.364E+00	3.024E+01	2.319E+02
5.376E+00	3.022E+01	2.317E+02
5.387E+00	3.019E+01	2.316E+02
5.399E+00	3.016E+01	2.313E+02
5.411E+00	3.012E+01	2.311E+02
5.424E+00	3.007E+01	2.309E+02
5.436E+00	3.002E+01	2.307E+02
5.449E+00	2.996E+01	2.305E+02
5.462E+00	2.990E+01	2.302E+02
5.475E+00	2.983E+01	2.300E+02
5.489E+00	2.976E+01	2.297E+02
5.503E+00	2.969E+01	2.294E+02
5.517E+00	2.961E+01	2.292E+02
5.531E+00	2.952E+01	2.289E+02
5.546E+00	2.943E+01	2.285E+02
5.561E+00	2.934E+01	2.283E+02
5.577E+00	2.925E+01	2.280E+02
5.593E+00	2.915E+01	2.277E+02
5.609E+00	2.904E+01	2.273E+02
5.625E+00	2.894E+01	2.270E+02
5.642E+00	2.884E+01	2.266E+02
5.659E+00	2.873E+01	2.263E+02
5.676E+00	2.862E+01	2.259E+02
5.694E+00	2.850E+01	2.256E+02
5.712E+00	2.839E+01	2.252E+02
5.731E+00	2.827E+01	2.248E+02
5.749E+00	2.816E+01	2.244E+02
5.769E+00	2.804E+01	2.240E+02
5.788E+00	2.792E+01	2.236E+02
5.808E+00	2.780E+01	2.232E+02
5.828E+00	2.768E+01	2.228E+02
5.848E+00	2.756E+01	2.225E+02
5.869E+00	2.744E+01	2.221E+02
5.890E+00	2.732E+01	2.217E+02
5.911E+00	2.720E+01	2.213E+02
5.933E+00	2.708E+01	2.209E+02
5.955E+00	2.696E+01	2.204E+02
5.977E+00	2.684E+01	2.200E+02
5.999E+00	2.671E+01	2.196E+02
6.022E+00	2.659E+01	2.192E+02
6.046E+00	2.648E+01	2.187E+02
6.069E+00	2.636E+01	2.183E+02
6.093E+00	2.624E+01	2.178E+02
6.117E+00	2.612E+01	2.175E+02
6.142E+00	2.601E+01	2.170E+02
6.166E+00	2.589E+01	2.166E+02
6.192E+00	2.578E+01	2.161E+02
6.217E+00	2.566E+01	2.156E+02
6.243E+00	2.555E+01	2.152E+02
6.269E+00	2.544E+01	2.147E+02
6.296E+00	2.533E+01	2.142E+02
6.323E+00	2.522E+01	2.137E+02
6.351E+00	2.511E+01	2.132E+02
6.378E+00	2.500E+01	2.127E+02
6.406E+00	2.489E+01	2.122E+02
6.435E+00	2.479E+01	2.116E+02
6.464E+00	2.469E+01	2.111E+02
6.494E+00	2.458E+01	2.106E+02
6.524E+00	2.448E+01	2.100E+02
6.554E+00	2.438E+01	2.095E+02
6.585E+00	2.427E+01	2.089E+02
6.617E+00	2.417E+01	2.083E+02
6.648E+00	2.408E+01	2.078E+02
6.681E+00	2.398E+01	2.071E+02
6.714E+00	2.388E+01	2.066E+02
6.748E+00	2.378E+01	2.059E+02
6.782E+00	2.368E+01	2.053E+02
6.818E+00	2.359E+01	2.047E+02
6.853E+00	2.349E+01	2.040E+02
6.890E+00	2.339E+01	2.033E+02
6.927E+00	2.330E+01	2.027E+02
6.965E+00	2.320E+01	2.020E+02
7.004E+00	2.311E+01	2.013E+02
7.043E+00	2.301E+01	2.007E+02
7.084E+00	2.292E+01	1.999E+02
7.125E+00	2.283E+01	1.992E+02
7.168E+00	2.273E+01	1.985E+02
7.211E+00	2.264E+01	1.978E+02
7.255E+00	2.254E+01	1.971E+02
7.301E+00	2.245E+01	1.964E+02
7.347E+00	2.236E+01	1.957E+02
7.395E+00	2.226E+01	1.949E+02
7.444E+00	2.217E+01	1.942E+02
7.495E+00	2.208E+01	1.935E+02
7.546E+00	2.198E+01	1.928E+02
7.599E+00	2.189E+01	1.920E+02
7.654E+00	2.180E+01	1.914E+02
7.710E+00	2.170E+01	1.907E+02
7.768E+00	2.161E+01	1.900E+02
7.827E+00	2.152E+01	1.893E+02
7.889E+00	2.142E+01	1.887E+02
7.952E+00	2.133E+01	1.880E+02
8.017E+00	2.124E+01	1.874E+02
8.084E+00	2.114E+01	1.868E+02
8.154E+00	2.105E+01	1.862E+02
8.225E+00	2.096E+01	1.856E+02
8.299E+00	2.087E+01	1.851E+02
8.376E+00	2.078E+01	1.845E+02
8.455E+00	2.068E+01	1.840E+02
8.537E+00	2.059E+01	1.835E+02
8.621E+00	2.050E+01	1.830E+02
8.708E+00	2.041E+01	1.825E+02
8.799E+00	2.032E+01	1.821E+02
8.893E+00	2.022E+01	1.817E+02
8.991E+00	2.014E+01	1.813E+02
9.091E+00	2.005E+01	1.810E+02
9.195E+00	1.996E+01	1.807E+02
9.304E+00	1.987E+01	1.805E+02
9.417E+00	1.978E+01	1.802E+02
9.534E+00	1.970E+01	1.801E+02
9.655E+00	1.961E+01	1.799E+02
9.782E+00	1.952E+01	1.799E+02
9.913E+00	1.944E+01	1.798E+02
1.005E+01	1.935E+01	1.799E+02
1.019E+01	1.927E+01	1.800E+02
1.034E+01	1.920E+01	1.802E+02
1.049E+01	1.911E+01	1.804E+02
1.066E+01	1.903E+01	1.807E+02
1.082E+01	1.895E+01	1.810E+02
1.100E+01	1.888E+01	1.815E+02
1.118E+01	1.880E+01	1.820E+02
1.137E+01	1.872E+01	1.826E+02
1.156E+01	1.865E+01	1.833E+02
1.177E+01	1.857E+01	1.842E+02
1.199E+01	1.850E+01	1.851E+02
1.221E+01	1.843E+01	1.861E+02
1.245E+01	1.835E+01	1.872E+02
1.269E+01	1.828E+01	1.884E+02
1.295E+01	1.821E+01	1.898E+02
1.321E+01	1.814E+01	1.913E+02
1.349E+01	1.807E+01	1.930E+02
1.379E+01	1.800E+01	1.948E+02
1.409E+01	1.793E+01	1.967E+02
1.441E+01	1.786E+01	1.988E+02
1.474E+01	1.778E+01	2.010E+02
1.509E+01	1.771E+01	2.034E+02
1.546E+01	1.764E+01	2.060E+02
1.584E+01	1.757E+01	2.089E+02
1.624E+01	1.750E+01	2.118E+02
1.666E+01	1.743E+01	2.149E+02
1.710E+01	1.736E+01	2.183E+02
